"Mamba1.4B"  [0.00498904 0.00321812 0.01014795 0.00607136]
"Phi1.5B" [0.0213155  0.01252051 0.02123292 0.0054206 ]
"Gemma2B" [0.00567389 0.00777554 0.0046499  0.00802673]
"RGemma2B" [0.01484942 0.0074414  0.0124021  0.01043014]
"Mamba2.8B" [0.00881973 0.00266066 0.008413   0.00405323]
"Zephyr3B" [0.07467147 0.01298639 0.00595173 0.00936997]
"Mamba7B" [0.00855012 0.00288885 0.0027417  0.00476298]
"Llama7B" [0.01601523 0.0091432  0.03052186 0.01390872]
"Llama8B" [0.02268373 0.02401513 0.01575327 0.01879708]
"Mistral7B" [0.01542464 0.00592397 0.01633978 0.01315273]
"Gemma7B" [0.03442361 0.04616662 0.03540142 0.04451822] 
