HL: 11, rope: 5, performance: [9.95166667e-01 9.95166667e-01 9.95166667e-01 9.95166667e-01
 9.95166667e-01 7.31666667e-01 3.35000000e-01 8.81666667e-02
 2.36666667e-02 4.33333333e-03 5.00000000e-04 0.00000000e+00
 0.00000000e+00 0.00000000e+00 0.00000000e+00 0.00000000e+00
 0.00000000e+00 0.00000000e+00 0.00000000e+00 0.00000000e+00]
 HL: 11, rope: 20, performance: [9.960e-01 9.960e-01 9.960e-01 9.960e-01 9.960e-01 9.485e-01 7.160e-01
 4.305e-01 2.380e-01 1.025e-01 3.700e-02 7.000e-03 5.000e-04 0.000e+00
 0.000e+00 0.000e+00 0.000e+00 0.000e+00 0.000e+00 0.000e+00]
 HL: 11, rope: 84, performance: [9.870e-01 9.870e-01 9.870e-01 9.870e-01 9.870e-01 8.055e-01 4.260e-01
 1.520e-01 3.500e-02 5.000e-03 5.000e-04 0.000e+00 0.000e+00 0.000e+00
 0.000e+00 0.000e+00 0.000e+00 0.000e+00 0.000e+00 0.000e+00]
 HL: 11, rope: 128, performance: [0.9815 0.9815 0.9815 0.9815 0.9815 0.846  0.31   0.046  0.0015 0.
 0.     0.     0.     0.     0.     0.     0.     0.     0.     0.    ]
 HL: 11, rope: 256, performance: [9.535e-01 9.535e-01 9.535e-01 9.535e-01 9.535e-01 7.355e-01 2.760e-01
 5.300e-02 5.500e-03 0.000e+00 5.000e-04 0.000e+00 0.000e+00 0.000e+00
 0.000e+00 0.000e+00 0.000e+00 0.000e+00 0.000e+00 0.000e+00]
 HL: 22, rope: 5, performance: [9.940e-01 9.940e-01 9.940e-01 9.940e-01 9.940e-01 8.735e-01 2.115e-01
 3.400e-02 8.500e-03 1.000e-03 5.000e-04 0.000e+00 0.000e+00 0.000e+00
 0.000e+00 0.000e+00 0.000e+00 0.000e+00 0.000e+00 0.000e+00]
 HL: 22, rope: 20, performance: [0.9855 0.9855 0.9855 0.9855 0.9855 0.87   0.4855 0.1375 0.027  0.0035
 0.     0.     0.     0.     0.     0.     0.     0.     0.     0.    ]HL: 33, rope: 20, performance: [0.07316667 0.07316667 0.07316667 0.07316667 0.07316667 0.
 0.         0.         0.         0.         0.         0.
 0.         0.         0.         0.         0.         0.
 0.         0.        ]
HL: 33, rope: 20, performance: [0.237 0.237 0.237 0.237 0.237 0.    0.    0.    0.    0.    0.    0.
 0.    0.    0.    0.    0.    0.    0.    0.   ]
HL: 33, rope: 20, performance: [0.13116667 0.13116667 0.13116667 0.13116667 0.13116667 0.
 0.         0.         0.         0.         0.         0.
 0.         0.         0.         0.         0.         0.
 0.         0.        ]
HL: 33, rope: 20, performance: [0. 0. 0. 0. 0. 0. 0. 0. 0. 0. 0. 0. 0. 0. 0. 0. 0. 0. 0. 0.]
HL: 33, rope: 20, performance: [0. 0. 0. 0. 0. 0. 0. 0. 0. 0. 0. 0. 0. 0. 0. 0. 0. 0. 0. 0.]
ITR: 50,  performance: [0.149 0.149 0.149 0.149 0.149 0.    0.    0.    0.    0.    0.    0.
 0.    0.    0.    0.    0.    0.    0.    0.   ]
ITR: 4,  performance: [0.108 0.108 0.108 0.108 0.108 0.    0.    0.    0.    0.    0.    0.
 0.    0.    0.    0.    0.    0.    0.    0.   ]
ITR: 64,  performance: [0.131 0.131 0.131 0.131 0.131 0.    0.    0.    0.    0.    0.    0.
 0.    0.    0.    0.    0.    0.    0.    0.   ]
ITR: 128,  performance: [0.135 0.135 0.135 0.135 0.135 0.    0.    0.    0.    0.    0.    0.
 0.    0.    0.    0.    0.    0.    0.    0.   ]
